0 0.8333333333333334
1 0.8333333333333334
2 0.8333333333333334
3 0.16666666666666666
4 0.3333333333333333
5 0.5
6 0.16666666666666666
7 0.0
8 0.6666666666666666
9 0.8333333333333334
10 0.5
12 0.41666666666666663
13 0.41666666666666663
16 0.4583333333333333
30 0.375
34 0.33333333333333337
36 0.5
38 0.33333333333333337
43 0.3333333333333333
58 0.41666666666666663
88 0.375
103 0.25
105 0.4583333333333333
121 0.375
125 0.6666666666666666
126 0.3541666666666667
140 0.29166666666666663
154 0.3125
155 0.25
194 0.5833333333333334
218 0.41666666666666663
225 0.5416666666666667
232 0.5625
238 0.625
242 0.6041666666666667
247 0.29166666666666663
248 0.25
266 0.375
272 0.35416666666666663
284 0.4583333333333333
295 0.20833333333333326
296 0.22916666666666666
312 0.27083333333333326
318 0.4375
322 0.1875
326 0.20833333333333331
329 0.3125
331 0.1875
347 0.45833333333333337
350 0.29166666666666663
357 0.20833333333333331
361 0.39583333333333337
416 0.6666666666666667
426 0.5833333333333334
433 0.27083333333333337
437 0.5208333333333334
444 0.3958333333333333
451 0.4791666666666667
456 0.5416666666666667
469 0.5625
471 0.625
473 0.5208333333333333
478 0.6041666666666667
479 0.6458333333333334
496 0.75
516 0.08333333333333333
526 0.125
530 0.14583333333333331
540 0.10416666666666666
552 0.04166666666666666
567 0.0625
576 0.3333333333333333
591 0.8333333333333334
624 0.7083333333333334
625 0.47916666666666674
628 0.75
630 0.8333333333333334
636 0.4375
683 0.020833333333333343
707 0.5
712 0.75
716 0.08333333333333333
717 0.16666666666666666
754 0.5833333333333333
759 0.7083333333333333
807 0.7916666666666667
829 0.8333333333333334
837 0.8333333333333334
845 0.8125
855 0.8333333333333334
874 0.8333333333333334
894 0.8333333333333334
926 0.6875
947 0.7083333333333334
961 0.7291666666666667
993 0.41666666666666663
995 0.25
1016 0.8333333333333334
1021 0.8333333333333334
1030 0.8333333333333334
1107 0.8333333333333334
1159 0.8333333333333334
1161 0.8333333333333334
1172 0.8333333333333334
1201 0.8333333333333334
1203 0.8333333333333334
1208 0.8333333333333334
1213 0.8333333333333334
1224 0.8333333333333334
1229 0.8333333333333334
1233 0.8333333333333334
1251 0.8333333333333334
1259 0.8333333333333334
1272 0.8333333333333334
1280 0.8333333333333334
1306 0.8333333333333334
1313 0.8333333333333334
1327 0.8333333333333334
1337 0.8333333333333334
1357 0.8333333333333334
1367 0.8333333333333334
1379 0.8333333333333334
1383 0.8333333333333334
1387 0.8333333333333334
1409 0.8333333333333334
1414 0.8333333333333334
1415 0.8333333333333334
1420 0.8333333333333334
1422 0.7708333333333334
1435 0.8333333333333334
1441 0.8333333333333334
1462 0.8333333333333334
1481 0.7291666666666667
1485 0.8333333333333334
1490 0.8333333333333334
1494 0.8333333333333334
1500 0.8333333333333334
1506 0.8333333333333334
1521 0.8333333333333334
1527 0.7916666666666667
1531 0.8333333333333334
1533 0.8333333333333334
1539 0.8333333333333334
1556 0.8333333333333334
1559 0.7708333333333334
1560 0.7916666666666667
1564 0.8333333333333334
1565 0.8333333333333334
1578 0.8333333333333334
1581 0.8333333333333334
1595 0.8333333333333334
1596 0.8333333333333334
1603 0.8125
1621 0.8333333333333334
1622 0.8333333333333334
1624 0.8125
1626 0.375
1627 0.41666666666666663
1628 0.4583333333333333
1630 0.4583333333333333
1631 0.41666666666666663
1632 0.375
1633 0.3333333333333333
1634 0.29166666666666663
1635 0.25
1636 0.20833333333333331
1638 0.14583333333333331
1639 0.125
1640 0.10416666666666666
1641 0.08333333333333333
1642 0.0625
1643 0.04166666666666666
1644 0.020833333333333343
1646 0.08333333333333333
1647 0.16666666666666666
1648 0.25
1649 0.3333333333333333
1650 0.41666666666666663
1651 0.5
1652 0.5833333333333333
1654 0.7083333333333333
1655 0.75
1656 0.7916666666666667
1657 0.8125
