0 1
1 1
2 1
3 1
4 1
5 1
6 1
7 1
8 1
9 1
10 1.0
12 1.0
13 1.0
16 1.0
30 1.0
34 1.0
36 1.0
38 1.0
43 1.0
58 1.0
88 1.0
103 1.0
105 1.0
121 1.0
125 1.0
126 1.0
140 1.0
154 1.0
155 1.0
194 1.0
218 1.0
225 1.0
232 1.0
238 1.0
242 1.0
247 1.0
248 1.0
266 1.0
272 1.0
284 1.0
295 1.0
296 1.0
312 1.0
318 1.0
322 1.0
326 1.0
329 1.0
331 1.0
347 1.0
350 1.0
357 1.0
361 1.0
416 1.0
426 1.0
433 1.0
437 1.0
444 1.0
451 1.0
456 1.0
469 1.0
471 1.0
473 1.0
478 1.0
479 1.0
496 1.0
516 1.0
526 1.0
530 1.0
540 1.0
552 1.0
567 1.0
576 1.0
591 1.0
624 1.0
625 1.0
628 1.0
630 1.0
636 1.0
683 1.0
707 1.0
712 1.0
716 1.0
717 1.0
754 1.0
759 1.0
807 1.0
829 1.0
837 1.0
845 1.0
855 1.0
874 1.0
894 1.0
926 1.0
947 1.0
961 1.0
993 1.0
995 1.0
1016 1.0
1021 1.0
1030 1.0
1107 1.0
1159 1.0
1161 1.0
1172 1.0
1201 1.0
1203 1.0
1208 1.0
1213 1.0
1224 1.0
1229 1.0
1233 1.0
1251 1.0
1259 1.0
1272 1.0
1280 1.0
1306 1.0
1313 1.0
1327 1.0
1337 1.0
1357 1.0
1367 1.0
1379 1.0
1383 1.0
1387 1.0
1409 1.0
1414 1.0
1415 1.0
1420 1.0
1422 1.0
1435 1.0
1441 1.0
1462 1.0
1481 1.0
1485 1.0
1490 1.0
1494 1.0
1500 1.0
1506 1.0
1521 1.0
1527 1.0
1531 1.0
1533 1.0
1539 1.0
1556 1.0
1559 1.0
1560 1.0
1564 1.0
1565 1.0
1578 1.0
1581 1.0
1595 1.0
1596 1.0
1603 1.0
1621 1.0
1622 1.0
1624 1.0
1626 1.0
1627 1.0
1628 1.0
1630 1.0
1631 1.0
1632 1.0
1633 1.0
1634 1.0
1635 1.0
1636 1.0
1638 1.0
1639 1.0
1640 1.0
1641 1.0
1642 1.0
1643 1.0
1644 1.0
1646 1.0
1647 1.0
1648 1.0
1649 1.0
1650 1.0
1651 1.0
1652 1.0
1654 1.0
1655 1.0
1656 1.0
1657 1.0
