0 0.0
1 0.0
2 1.0
3 0.0
4 1.0
5 1.0
6 1.0
7 1.0
8 1.0
9 1.0
10 1.0
11 1.0
12 1.0
13 1.0
14 1.0
15 1.0
16 1.0
17 1.0
18 1.0
19 1.0
20 1.0
21 1.0
23 1.0
25 1.0
27 1.0
28 1.0
35 1.0
36 1.0
37 1.0
39 1.0
40 1.0
45 1.0
48 1.0
54 1.0
65 1.0
76 1.0
78 1.0
88 1.0
101 1.0
107 1.0
114 1.0
162 1.0
167 1.0
170 1.0
187 1.0
192 1.0
193 1.0
195 1.0
204 1.0
234 1.0
237 1.0
249 1.0
251 1.0
260 1.0
264 1.0
266 1.0
268 1.0
281 1.0
291 1.0
301 1.0
304 1.0
309 1.0
334 1.0
342 1.0
347 1.0
348 1.0
351 1.0
354 1.0
377 1.0
396 1.0
406 1.0
422 1.0
441 1.0
469 1.0
475 1.0
488 1.0
503 1.0
506 1.0
508 1.0
523 1.0
539 1.0
542 0.5
557 1.0
560 1.0
562 1.0
570 1.0
571 1.0
575 1.0
582 1.0
588 1.0
594 1.0
600 1.0
609 1.0
617 1.0
633 1.0
643 1.0
644 1.0
647 1.0
652 1.0
654 0.5
662 1.0
705 1.0
708 1.0
713 1.0
734 1.0
787 1.0
800 1.0
852 1.0
857 1.0
891 1.0
951 1.0
992 1.0
994 1.0
995 1.0
1003 1.0
1017 1.0
1020 1.0
1031 1.0
1053 1.0
1082 0.625
1090 0.0
1104 1.0
1113 1.0
1122 1.0
1136 1.0
1138 1.0
1159 1.0
1169 1.0
1176 1.0
1223 1.0
1226 1.0
1236 0.75
1257 1.0
1329 1.0
1331 1.0
1347 1.0
1374 1.0
1394 1.0
1395 1.0
1397 1.0
1398 1.0
1415 1.0
1417 0.0
1441 1.0
1447 1.0
1498 1.0
1500 1.0
1504 1.0
1516 1.0
1556 1.0
1578 1.0
1628 1.0
1645 1.0
1646 1.0
1659 1.0
1792 0.25
1809 1.0
1836 1.0
1842 0.5625
1852 1.0
1855 1.0
1876 1.0
1905 0.75
1982 0.703125
2001 1.0
2010 1.0
2011 1.0
2015 1.0
2018 1.0
2034 1.0
2040 1.0
2045 1.0
2076 0.0
2171 1.0
2234 0.25
2304 1.0
2398 0.53125
2441 1.0
2448 1.0
2461 1.0
2581 0.5
2587 0.125
2608 0.75
2648 0.6875
2683 0.1875
2810 0.375
2925 1.0
3117 1.0
3118 1.0
3206 0.46875
3209 0.546875
3211 0.59375
3216 0.578125
3218 0.4375
3300 0.734375
3307 0.6875
3343 0.3125
3361 0.34375
3375 0.40625
3376 0.390625
3381 0.328125
3396 1.0
3411 0.453125
3416 0.484375
3454 0.609375
3478 0.421875
3510 0.6875
3512 0.71875
3524 0.515625
3687 1.0
3768 0.359375
3789 1.0
3806 0.78125
3837 0.375
3892 0.1875
3930 1.0
3933 1.0
3939 1.0
3996 0.875
4059 0.21875
4109 0.625
4142 0.625
4214 0.765625
4255 0.28125
4268 0.3125
4280 0.21875
4284 0.125
4288 0.265625
4299 0.234375
4314 0.203125
4533 0.0
4580 0.28125
4584 0.265625
4590 0.234375
4667 0.8125
4747 0.5625
4758 0.59375
4759 0.53125
4775 1.0
4776 1.0
4782 0.578125
4786 0.65625
4790 0.640625
4809 0.296875
4815 0.4375
4839 1.0
4841 1.0
4844 1.0
4910 0.0
4933 0.734375
4948 0.0
4973 0.609375
4980 0.34375
4989 0.40625
4991 0.390625
5008 0.25
5047 0.78125
5058 0.078125
5060 0.765625
5109 0.140625
5115 0.71875
5150 0.8125
5228 0.875
5270 0.65625
5272 0.640625
5274 0.671875
5306 0.359375
5309 0.46875
5352 0.90625
5384 0.0
5440 0.0
5453 0.0
5462 0.0
5480 0.171875
5485 0.15625
5490 0.0625
5499 0.09375
5504 0.109375
5563 0.796875
5584 0.71875
5591 0.703125
5605 0.890625
5633 0.671875
5654 0.421875
5799 0.328125
5801 0.453125
5821 0.5625
5835 0.59375
5847 0.546875
5851 0.53125
5860 0.578125
5892 0.875
5899 0.90625
5900 0.9375
5914 0.734375
6066 0.0
6113 0.0
6132 0.0
6149 0.0
6155 0.0
6160 0.0
6161 0.0
6174 0.65625
6183 0.609375
6188 0.84375
6271 0.0
6328 0.0
6349 0.0
6354 0.0
6358 0.0
6383 0.640625
6400 0.921875
6402 0.96875
6406 0.953125
6416 0.375
6437 0.0
6507 0.0
6523 0.0
6526 0.0
6550 0.0
6559 0.703125
6572 0.828125
6575 0.9375
6577 0.984375
6629 0.0
6636 0.0
6641 0.0
6651 0.0
6723 0.0
6725 0.0
6732 0.0
6741 0.0
6751 0.96875
6752 0.984375
6755 0.90625
6758 0.953125
6760 0.921875
6783 0.890625
6808 0.8125
6821 0.796875
6839 0.234375
6843 0.28125
6867 0.0
6868 0.0
6876 0.0
6899 0.0
6943 0.84375
6945 0.765625
6947 0.78125
6961 0.3125
6964 0.1875
6965 0.0
6997 0.0
7000 0.0
7004 0.0
7012 0.0
7013 0.0
7021 0.0
7022 0.0
7023 0.0
7044 0.0
7049 0.0
7056 0.859375
7069 0.828125
7078 0.0
7080 0.125
7085 0.0
7103 0.0
7127 0.0
7130 0.0
7134 0.0
7151 0.0
7185 0.0625
7190 0.0
7200 0.0
7205 0.0
7215 0.15625
7218 0.0625
7226 0.0
7238 0.09375
7249 0.0
7250 0.03125
7265 0.21875
7282 0.03125
7298 0.140625
7304 0.15625
7306 0.171875
7330 0.109375
7331 0.078125
7355 0.203125
7371 0.015625
7386 0.046875
7397 0.015625
7407 0.171875
7415 0.140625
7459 0.09375
7495 0.265625
7504 0.046875
7527 0.4375
7553 0.296875
7559 0.34375
7561 0.078125
7566 0.109375
7576 0.515625
7580 0.46875
7584 0.484375
7592 0.40625
7593 0.421875
7627 0.453125
7634 0.390625
7731 0.296875
7750 0.546875
7757 0.515625
7770 0.484375
7780 0.0
7808 0.84375
7809 0.9375
7812 0.890625
7831 0.046875
7854 0.828125
7855 0.859375
7863 0.796875
7911 0.359375
7916 0.03125
7924 0.921875
7934 0.953125
7936 0.96875
7937 0.015625
7947 0.984375
