0 1.0
1 1.0
2 0.0
3 1.0
4 0.0
5 0.0
6 0.0
7 0.0
8 0.0
9 0.0
10 0.0
11 0.0
12 0.0
13 0.0
14 0.0
15 0.0
16 0.0
17 0.0
18 0.0
19 0.0
20 0.0
21 0.0
23 0.0
25 0.0
27 0.0
28 0.0
35 0.0
36 0.0
37 0.0
39 0.0
40 0.0
45 0.0
48 0.0
54 0.0
65 0.0
76 0.0
78 0.0
88 0.0
101 0.0
107 0.0
114 0.0
162 0.0
167 0.0
170 0.0
187 0.0
192 0.0
193 0.0
195 0.0
204 0.0
234 0.0
237 0.0
249 0.0
251 0.0
260 0.0
264 0.0
266 0.0
268 0.0
281 0.0
291 0.0
301 0.0
304 0.0
309 0.0
334 0.0
342 0.0
347 0.0
348 0.0
351 0.0
354 0.0
377 0.0
396 0.0
406 0.0
422 0.0
441 0.0
469 0.0
475 0.0
488 0.0
503 0.0
506 0.0
508 0.0
523 0.0
539 0.0
542 0.5
557 0.0
560 0.0
562 0.0
570 0.0
571 0.0
575 0.0
582 0.0
588 0.0
594 0.0
600 0.0
609 0.0
617 0.0
633 0.0
643 0.0
644 0.0
647 0.0
652 0.0
654 0.5
662 0.0
705 0.0
708 0.0
713 0.0
734 0.0
787 0.0
800 0.0
852 0.0
857 0.0
891 0.0
951 0.0
992 0.0
994 0.0
995 0.0
1003 0.0
1017 0.0
1020 0.0
1031 0.0
1053 0.0
1082 0.375
1090 1.0
1104 0.0
1113 0.0
1122 0.0
1136 0.0
1138 0.0
1159 0.0
1169 0.0
1176 0.0
1223 0.0
1226 0.0
1236 0.25
1257 0.0
1329 0.0
1331 0.0
1347 0.0
1374 0.0
1394 0.0
1395 0.0
1397 0.0
1398 0.0
1415 0.0
1417 1.0
1441 0.0
1447 0.0
1498 0.0
1500 0.0
1504 0.0
1516 0.0
1556 0.0
1578 0.0
1628 0.0
1645 0.0
1646 0.0
1659 0.0
1792 0.75
1809 0.0
1836 0.0
1842 0.4375
1852 0.0
1855 0.0
1876 0.0
1905 0.25
1982 0.296875
2001 0.0
2010 0.0
2011 0.0
2015 0.0
2018 0.0
2034 0.0
2040 0.0
2045 0.0
2076 1.0
2171 0.0
2234 0.75
2304 0.0
2398 0.46875
2441 0.0
2448 0.0
2461 0.0
2581 0.5
2587 0.875
2608 0.25
2648 0.3125
2683 0.8125
2810 0.625
2925 0.0
3117 0.0
3118 0.0
3206 0.53125
3209 0.453125
3211 0.40625
3216 0.421875
3218 0.5625
3300 0.265625
3307 0.3125
3343 0.6875
3361 0.65625
3375 0.59375
3376 0.609375
3381 0.671875
3396 0.0
3411 0.546875
3416 0.515625
3454 0.390625
3478 0.578125
3510 0.3125
3512 0.28125
3524 0.484375
3687 0.0
3768 0.640625
3789 0.0
3806 0.21875
3837 0.625
3892 0.8125
3930 0.0
3933 0.0
3939 0.0
3996 0.125
4059 0.78125
4109 0.375
4142 0.375
4214 0.234375
4255 0.71875
4268 0.6875
4280 0.78125
4284 0.875
4288 0.734375
4299 0.765625
4314 0.796875
4533 1.0
4580 0.71875
4584 0.734375
4590 0.765625
4667 0.1875
4747 0.4375
4758 0.40625
4759 0.46875
4775 0.0
4776 0.0
4782 0.421875
4786 0.34375
4790 0.359375
4809 0.703125
4815 0.5625
4839 0.0
4841 0.0
4844 0.0
4910 1.0
4933 0.265625
4948 1.0
4973 0.390625
4980 0.65625
4989 0.59375
4991 0.609375
5008 0.75
5047 0.21875
5058 0.921875
5060 0.234375
5109 0.859375
5115 0.28125
5150 0.1875
5228 0.125
5270 0.34375
5272 0.359375
5274 0.328125
5306 0.640625
5309 0.53125
5352 0.09375
5384 1.0
5440 1.0
5453 1.0
5462 1.0
5480 0.828125
5485 0.84375
5490 0.9375
5499 0.90625
5504 0.890625
5563 0.203125
5584 0.28125
5591 0.296875
5605 0.109375
5633 0.328125
5654 0.578125
5799 0.671875
5801 0.546875
5821 0.4375
5835 0.40625
5847 0.453125
5851 0.46875
5860 0.421875
5892 0.125
5899 0.09375
5900 0.0625
5914 0.265625
6066 1.0
6113 1.0
6132 1.0
6149 1.0
6155 1.0
6160 1.0
6161 1.0
6174 0.34375
6183 0.390625
6188 0.15625
6271 1.0
6328 1.0
6349 1.0
6354 1.0
6358 1.0
6383 0.359375
6400 0.078125
6402 0.03125
6406 0.046875
6416 0.625
6437 1.0
6507 1.0
6523 1.0
6526 1.0
6550 1.0
6559 0.296875
6572 0.171875
6575 0.0625
6577 0.015625
6629 1.0
6636 1.0
6641 1.0
6651 1.0
6723 1.0
6725 1.0
6732 1.0
6741 1.0
6751 0.03125
6752 0.015625
6755 0.09375
6758 0.046875
6760 0.078125
6783 0.109375
6808 0.1875
6821 0.203125
6839 0.765625
6843 0.71875
6867 1.0
6868 1.0
6876 1.0
6899 1.0
6943 0.15625
6945 0.234375
6947 0.21875
6961 0.6875
6964 0.8125
6965 1.0
6997 1.0
7000 1.0
7004 1.0
7012 1.0
7013 1.0
7021 1.0
7022 1.0
7023 1.0
7044 1.0
7049 1.0
7056 0.140625
7069 0.171875
7078 1.0
7080 0.875
7085 1.0
7103 1.0
7127 1.0
7130 1.0
7134 1.0
7151 1.0
7185 0.9375
7190 1.0
7200 1.0
7205 1.0
7215 0.84375
7218 0.9375
7226 1.0
7238 0.90625
7249 1.0
7250 0.96875
7265 0.78125
7282 0.96875
7298 0.859375
7304 0.84375
7306 0.828125
7330 0.890625
7331 0.921875
7355 0.796875
7371 0.984375
7386 0.953125
7397 0.984375
7407 0.828125
7415 0.859375
7459 0.90625
7495 0.734375
7504 0.953125
7527 0.5625
7553 0.703125
7559 0.65625
7561 0.921875
7566 0.890625
7576 0.484375
7580 0.53125
7584 0.515625
7592 0.59375
7593 0.578125
7627 0.546875
7634 0.609375
7731 0.703125
7750 0.453125
7757 0.484375
7770 0.515625
7780 1.0
7808 0.15625
7809 0.0625
7812 0.109375
7831 0.953125
7854 0.171875
7855 0.140625
7863 0.203125
7911 0.640625
7916 0.96875
7924 0.078125
7934 0.046875
7936 0.03125
7937 0.984375
7947 0.015625
