0 0.0
1 0.0
2 0.0
3 0.0
4 1.0
5 1.0
6 1.0
7 1.0
8 1.0
9 1.0
10 1.0
11 1.0
12 1.0
13 1.0
14 1.0
15 1.0
16 1.0
17 1.0
18 1.0
19 1.0
20 1.0
21 1.0
23 1.0
25 1.0
27 1.0
28 1.0
35 1.0
36 1.0
37 1.0
39 1.0
40 1.0
45 1.0
48 1.0
54 1.0
65 1.0
76 1.0
78 1.0
88 1.0
101 1.0
107 1.0
114 1.0
162 1.0
167 1.0
170 1.0
187 1.0
192 1.0
193 1.0
195 1.0
204 1.0
234 1.0
237 1.0
249 1.0
251 1.0
260 1.0
264 1.0
266 1.0
268 1.0
281 1.0
291 1.0
301 1.0
304 1.0
309 1.0
334 1.0
342 1.0
347 1.0
348 1.0
351 1.0
354 1.0
377 1.0
396 1.0
406 1.0
422 1.0
441 1.0
469 1.0
475 1.0
488 1.0
503 1.0
506 1.0
508 1.0
523 1.0
539 1.0
542 0.0
557 1.0
560 1.0
562 1.0
570 1.0
571 1.0
575 1.0
582 1.0
588 1.0
594 1.0
600 1.0
609 1.0
617 1.0
633 1.0
643 1.0
644 1.0
647 1.0
652 1.0
654 0.0
662 1.0
705 1.0
708 1.0
713 1.0
734 1.0
787 1.0
800 1.0
852 1.0
857 1.0
891 1.0
951 1.0
992 1.0
994 1.0
995 1.0
1003 1.0
1017 1.0
1020 1.0
1031 1.0
1053 1.0
1082 0.0
1090 0.0
1104 1.0
1113 1.0
1122 1.0
1136 1.0
1138 1.0
1159 1.0
1169 1.0
1176 1.0
1223 1.0
1226 1.0
1236 0.0
1257 1.0
1329 1.0
1331 1.0
1347 1.0
1374 1.0
1394 1.0
1395 1.0
1397 1.0
1398 1.0
1415 1.0
1417 0.0
1441 1.0
1447 1.0
1498 1.0
1500 1.0
1504 1.0
1516 1.0
1556 1.0
1578 1.0
1628 1.0
1645 1.0
1646 1.0
1659 1.0
1792 0.0
1809 1.0
1836 1.0
1842 0.0
1852 1.0
1855 1.0
1876 1.0
1905 0.0
1982 0.0
2001 1.0
2010 1.0
2011 1.0
2015 1.0
2018 1.0
2034 1.0
2040 1.0
2045 1.0
2076 0.0
2171 1.0
2234 0.0
2304 1.0
2398 0.0
2441 1.0
2448 1.0
2461 1.0
2581 0.0
2587 0.0
2608 0.0
2648 0.0
2683 0.0
2810 0.0
2925 1.0
3117 1.0
3118 1.0
3206 0.0
3209 0.0
3211 0.0
3216 0.0
3218 0.0
3300 0.0
3307 0.0
3343 0.0
3361 0.0
3375 0.0
3376 0.0
3381 0.0
3396 1.0
3411 0.0
3416 0.0
3454 0.0
3478 0.0
3510 0.0
3512 0.0
3524 0.0
3687 1.0
3768 0.0
3789 1.0
3806 0.0
3837 0.0
3892 0.0
3930 1.0
3933 1.0
3939 1.0
3996 0.0
4059 0.0
4109 0.0
4142 0.0
4214 0.0
4255 0.0
4268 0.0
4280 0.0
4284 0.0
4288 0.0
4299 0.0
4314 0.0
4533 0.0
4580 0.0
4584 0.0
4590 0.0
4667 0.0
4747 0.0
4758 0.0
4759 0.0
4775 1.0
4776 1.0
4782 0.0
4786 0.0
4790 0.0
4809 0.0
4815 0.0
4839 1.0
4841 1.0
4844 1.0
4910 0.0
4933 0.0
4948 0.0
4973 0.0
4980 0.0
4989 0.0
4991 0.0
5008 0.0
5047 0.0
5058 0.0
5060 0.0
5109 0.0
5115 0.0
5150 0.0
5228 0.0
5270 0.0
5272 0.0
5274 0.0
5306 0.0
5309 0.0
5352 0.0
5384 0.0
5440 0.0
5453 0.0
5462 0.0
5480 0.0
5485 0.0
5490 0.0
5499 0.0
5504 0.0
5563 0.0
5584 0.0
5591 0.0
5605 0.0
5633 0.0
5654 0.0
5799 0.0
5801 0.0
5821 0.0
5835 0.0
5847 0.0
5851 0.0
5860 0.0
5892 0.0
5899 0.0
5900 0.0
5914 0.0
6066 0.0
6113 0.0
6132 0.0
6149 0.0
6155 0.0
6160 0.0
6161 0.0
6174 0.0
6183 0.0
6188 0.0
6271 0.0
6328 0.0
6349 0.0
6354 0.0
6358 0.0
6383 0.0
6400 0.0
6402 0.0
6406 0.0
6416 0.0
6437 0.0
6507 0.0
6523 0.0
6526 0.0
6550 0.0
6559 0.0
6572 0.0
6575 0.0
6577 0.0
6629 0.0
6636 0.0
6641 0.0
6651 0.0
6723 0.0
6725 0.0
6732 0.0
6741 0.0
6751 0.0
6752 0.0
6755 0.0
6758 0.0
6760 0.0
6783 0.0
6808 0.0
6821 0.0
6839 0.0
6843 0.0
6867 0.0
6868 0.0
6876 0.0
6899 0.0
6943 0.0
6945 0.0
6947 0.0
6961 0.0
6964 0.0
6965 0.0
6997 0.0
7000 0.0
7004 0.0
7012 0.0
7013 0.0
7021 0.0
7022 0.0
7023 0.0
7044 0.0
7049 0.0
7056 0.0
7069 0.0
7078 0.0
7080 0.0
7085 0.0
7103 0.0
7127 0.0
7130 0.0
7134 0.0
7151 0.0
7185 0.0
7190 0.0
7200 0.0
7205 0.0
7215 0.0
7218 0.0
7226 0.0
7238 0.0
7249 0.0
7250 0.0
7265 0.0
7282 0.0
7298 0.0
7304 0.0
7306 0.0
7330 0.0
7331 0.0
7355 0.0
7371 0.0
7386 0.0
7397 0.0
7407 0.0
7415 0.0
7459 0.0
7495 0.0
7504 0.0
7527 0.0
7553 0.0
7559 0.0
7561 0.0
7566 0.0
7576 0.0
7580 0.0
7584 0.0
7592 0.0
7593 0.0
7627 0.0
7634 0.0
7731 0.0
7750 0.0
7757 0.0
7770 0.0
7780 0.0
7808 0.0
7809 0.0
7812 0.0
7831 0.0
7854 0.0
7855 0.0
7863 0.0
7911 0.0
7916 0.0
7924 0.0
7934 0.0
7936 0.0
7937 0.0
7947 0.0
