0 1
1 1
2 0
3 0
4 0
5 1
6 0
7 1
8 1
9 1
10 1
11 0
12 1
13 0
14 0
15 0
16 1
17 1
18 0
19 1
20 0.0
21 0.5
22 1.0
24 1.0
26 1.0
29 0.75
47 0.0
70 0.25
93 0.5
96 0.375
103 1.0
121 0.0
144 0.0
153 0.25
196 0.0
216 0.125
226 0.0
233 1.0
234 1.0
244 0.5
248 1.0
253 1.0
256 1.0
262 1.0
285 0.75
286 0.5625
292 0.4375
297 0.40625
302 0.46875
338 0.3125
350 0.34375
378 0.0
385 1.0
408 1.0
427 0.625
450 0.0
457 0.3125
530 0.125
532 0.0
535 0.0
558 0.0625
570 0.0
578 0.0
579 0.1875
583 0.0
589 0.0
591 0.15625
593 0.09375
598 0.03125
610 0.28125
611 0.21875
612 0.0
618 0.0
625 0.0
627 0.0
638 0.75
654 1.0
670 0.875
678 0.625
689 0.25
695 1.0
696 0.375
705 0.5
749 0.75
758 1.0
785 1.0
801 1.0
808 1.0
815 1.0
818 1.0
819 1.0
839 1.0
855 1.0
856 1.0
859 1.0
885 1.0
909 0.59375
944 0.0
952 0.0
960 0.0
970 0.0
974 0.0
995 0.25
998 0.5
1001 0.75
1004 0.28125
1007 0.125
1017 0.5
1024 0.25
1045 0.25
1098 0.0
1103 0.0
1123 0.1875
1124 0.21875
1125 0.375
1144 0.4375
1145 0.625
1149 0.875
1150 0.75
1152 0.375
1165 0.34375
1177 0.40625
1196 0.625
1200 0.875
1210 1.0
1215 1.0
1225 1.0
1231 0.6875
1249 0.875
1251 0.78125
1255 0.8125
1263 0.84375
1271 0.9375
1279 0.90625
1290 1.0
1316 0.0
1337 0.0
1348 0.0
1371 0.0
1372 0.0
1374 0.0
1383 0.0625
1393 0.0
1398 0.125
1409 0.46875
1411 0.5625
1421 0.8125
1432 1.0
1440 1.0
1441 0.96875
1443 1.0
1449 0.0
1454 0.0
1467 0.09375
1471 0.03125
1519 0.9375
1520 1.0
1526 0.6875
1529 0.71875
1532 0.78125
1534 0.84375
1546 1.0
1570 1.0
1582 0.59375
1588 0.65625
1590 0.53125
1604 0.0
1608 1.0
1617 0.71875
1627 1.0
1632 0.96875
1633 1.0
1635 0.0
1636 0.0
1637 0.0
1638 0.125
1639 0.25
1640 0.375
1641 0.5
1642 0.625
1643 0.75
1644 0.875
1645 0.875
1646 0.75
1647 0.625
1648 0.5
1649 0.375
1650 0.25
1651 0.125
1652 0.125
1653 0.25
1654 0.375
1655 0.5
1656 0.625
1657 0.75
1658 0.875
1659 1.0
1660 1.0
1661 1.0
1662 0.125
1663 0.25
1664 0.375
1665 0.5
1666 0.625
1667 0.75
1668 0.875
1669 0.75
1670 0.5
1671 0.25
1672 0.5
