0 1
1 1
2 1
3 1
4 0
5 0
6 1
7 0
8 0
9 0
10 0
11 0
12 0
13 1
14 0
15 1
16 1
17 1
18 1
19 0
20 0.75
21 1.0
22 1.0
24 0.0
26 0.0
29 1.0
47 0.5
70 1.0
93 1.0
96 1.0
103 0.0
121 0.875
144 1.0
153 1.0
196 1.0
216 1.0
226 1.0
233 0.0
234 0.0
244 0.5
248 1.0
253 0.0
256 0.0
262 0.0
285 1.0
286 1.0
292 1.0
297 1.0
302 1.0
338 1.0
350 1.0
378 1.0
385 0.0
408 0.0
427 1.0
450 0.25
457 1.0
530 1.0
532 1.0
535 1.0
558 1.0
570 1.0
578 1.0
579 1.0
583 1.0
589 1.0
591 1.0
593 1.0
598 1.0
610 1.0
611 1.0
612 1.0
618 1.0
625 0.375
627 0.125
638 0.25
654 1.0
670 0.125
678 0.375
689 0.75
695 1.0
696 0.625
705 1.0
749 1.0
758 1.0
785 1.0
801 1.0
808 1.0
815 1.0
818 1.0
819 1.0
839 1.0
855 1.0
856 1.0
859 1.0
885 1.0
909 1.0
944 1.0
952 1.0
960 1.0
970 1.0
974 1.0
995 0.75
998 0.5
1001 0.25
1004 1.0
1007 0.875
1017 0.0
1024 0.0
1045 1.0
1098 1.0
1103 1.0
1123 1.0
1124 1.0
1125 1.0
1144 1.0
1145 0.375
1149 0.125
1150 0.0
1152 0.625
1165 1.0
1177 1.0
1196 1.0
1200 1.0
1210 1.0
1215 1.0
1225 1.0
1231 1.0
1249 1.0
1251 1.0
1255 1.0
1263 1.0
1271 1.0
1279 1.0
1290 1.0
1316 1.0
1337 1.0
1348 1.0
1371 1.0
1372 1.0
1374 1.0
1383 1.0
1393 1.0
1398 0.875
1409 1.0
1411 1.0
1421 1.0
1432 1.0
1440 1.0
1441 1.0
1443 1.0
1449 1.0
1454 1.0
1467 1.0
1471 1.0
1519 1.0
1520 1.0
1526 1.0
1529 1.0
1532 1.0
1534 1.0
1546 1.0
1570 1.0
1582 1.0
1588 1.0
1590 1.0
1604 0.625
1608 1.0
1617 1.0
1627 1.0
1632 1.0
1633 1.0
1635 0.25
1636 0.5
1637 0.75
1638 0.875
1639 0.75
1640 0.625
1641 0.5
1642 0.375
1643 0.25
1644 0.125
1645 0.0
1646 0.0
1647 0.0
1648 0.0
1649 0.0
1650 0.0
1651 0.0
1652 0.0
1653 0.0
1654 0.0
1655 0.0
1656 0.0
1657 0.0
1658 0.0
1659 0.0
1660 0.0
1661 0.0
1662 0.0
1663 0.0
1664 0.0
1665 0.0
1666 0.0
1667 0.0
1668 0.0
1669 0.25
1670 0.5
1671 0.75
1672 1.0
