0 0
1 0
2 1
3 0
4 1
5 0
6 0
7 1
8 1
9 0
10 1
11 1
12 0
13 1
14 1
15 0
16 0
17 0
18 0
19 1
20 0.25
21 0.0
22 0.0
24 0.5
26 1.0
29 0.0
47 0.5
70 0.0
93 0.5
96 0.625
103 0.25
121 0.125
144 0.5
153 0.75
196 0.75
216 0.0
226 0.25
233 1.0
234 1.0
244 0.5
248 0.0
253 1.0
256 1.0
262 0.75
285 0.25
286 0.4375
292 0.5625
297 0.59375
302 0.53125
338 0.6875
350 0.65625
378 0.375
385 1.0
408 1.0
427 0.375
450 0.75
457 0.0
530 0.875
532 0.5625
535 0.8125
558 0.9375
570 0.875
578 0.78125
579 0.8125
583 0.9375
589 0.84375
591 0.84375
593 0.90625
598 0.96875
610 0.71875
611 0.78125
612 0.90625
618 0.96875
625 0.625
627 0.875
638 0.75
654 0.0
670 0.875
678 0.625
689 0.25
695 0.0
696 0.375
705 0.0
749 0.0
758 0.0
785 0.0
801 0.0
808 0.0
815 0.0
818 0.0
819 0.0
839 0.0
855 0.0
856 0.0
859 0.0
885 0.0
909 0.40625
944 0.625
952 0.6875
960 0.65625
970 0.71875
974 0.53125
995 0.0
998 0.0
1001 0.0
1004 0.0
1007 0.125
1017 0.5
1024 0.75
1045 0.0
1098 0.1875
1103 0.125
1123 0.0
1124 0.0
1125 0.0
1144 0.0
1145 0.0
1149 0.0
1150 0.25
1152 0.0
1165 0.0
1177 0.0
1196 0.0
1200 0.0
1210 0.0
1215 0.0
1225 0.0
1231 0.3125
1249 0.125
1251 0.21875
1255 0.1875
1263 0.15625
1271 0.0625
1279 0.09375
1290 0.0
1316 0.4375
1337 0.0625
1348 0.3125
1371 0.21875
1372 0.15625
1374 0.09375
1383 0.0
1393 0.03125
1398 0.0
1409 0.0
1411 0.0
1421 0.0
1432 0.0
1440 0.0
1441 0.03125
1443 0.0
1449 0.46875
1454 0.28125
1467 0.0
1471 0.0
1519 0.0
1520 0.0
1526 0.0
1529 0.0
1532 0.0
1534 0.0
1546 0.0
1570 0.0
1582 0.0
1588 0.0
1590 0.0
1604 0.375
1608 0.0
1617 0.28125
1627 0.0
1632 0.0
1633 0.0
1635 1.0
1636 1.0
1637 1.0
1638 0.875
1639 0.75
1640 0.625
1641 0.5
1642 0.375
1643 0.25
1644 0.125
1645 0.125
1646 0.25
1647 0.375
1648 0.5
1649 0.625
1650 0.75
1651 0.875
1652 1.0
1653 1.0
1654 1.0
1655 1.0
1656 1.0
1657 1.0
1658 1.0
1659 0.75
1660 0.5
1661 0.25
1662 1.0
1663 1.0
1664 1.0
1665 1.0
1666 1.0
1667 1.0
1668 1.0
1669 0.75
1670 0.5
1671 0.25
1672 0.0
