0 1
1 1
2 1
3 1
4 1
5 1
6 1
7 1
8 1
9 1
10 1
11 1
12 1
13 1
14 1.0
16 1.0
17 1.0
20 1.0
34 1.0
38 1.0
40 1.0
42 1.0
47 1.0
62 1.0
92 1.0
107 1.0
109 1.0
125 1.0
129 1.0
130 1.0
144 1.0
158 1.0
159 1.0
198 1.0
222 1.0
229 1.0
236 1.0
242 1.0
246 1.0
251 1.0
252 1.0
270 1.0
276 1.0
288 1.0
299 1.0
300 1.0
316 1.0
322 1.0
326 1.0
330 1.0
333 1.0
335 1.0
351 1.0
354 1.0
361 1.0
365 1.0
420 1.0
430 1.0
437 1.0
441 1.0
448 1.0
455 1.0
460 1.0
473 1.0
475 1.0
477 1.0
482 1.0
483 1.0
500 1.0
520 1.0
530 1.0
534 1.0
544 1.0
556 1.0
571 1.0
580 1.0
595 1.0
628 1.0
629 1.0
632 1.0
634 1.0
640 1.0
687 1.0
711 1.0
716 1.0
720 1.0
721 1.0
758 1.0
763 1.0
811 1.0
833 1.0
841 1.0
849 1.0
859 1.0
878 1.0
898 1.0
930 1.0
951 1.0
965 1.0
997 1.0
999 1.0
1020 1.0
1025 1.0
1034 1.0
1111 1.0
1163 1.0
1165 1.0
1176 1.0
1205 1.0
1207 1.0
1212 1.0
1217 1.0
1228 1.0
1233 1.0
1237 1.0
1255 1.0
1263 1.0
1276 1.0
1284 1.0
1310 1.0
1317 1.0
1331 1.0
1341 1.0
1361 1.0
1371 1.0
1383 1.0
1387 1.0
1391 1.0
1413 1.0
1418 1.0
1419 1.0
1424 1.0
1426 1.0
1439 1.0
1445 1.0
1466 1.0
1485 1.0
1489 1.0
1494 1.0
1498 1.0
1504 1.0
1510 1.0
1525 1.0
1531 1.0
1535 1.0
1537 1.0
1543 1.0
1560 1.0
1563 1.0
1564 1.0
1568 1.0
1569 1.0
1582 1.0
1585 1.0
1599 1.0
1600 1.0
1607 1.0
1625 1.0
1626 1.0
1628 1.0
1629 1.0
1630 1.0
1631 1.0
1632 1.0
1633 1.0
1634 1.0
1635 1.0
1636 1.0
1637 1.0
1638 1.0
1639 1.0
1640 1.0
1641 1.0
1642 1.0
1643 1.0
1644 1.0
1645 1.0
1646 1.0
1647 1.0
1648 1.0
1649 1.0
1650 1.0
1651 1.0
1652 1.0
1653 1.0
1654 1.0
1655 1.0
1656 1.0
