0 0.0
1 0.0
2 0.0
3 0.0
4 1.0
5 1.0
6 1.0
7 1.0
8 1.0
9 1.0
10 1.0
11 1.0
12 1.0
13 1.0
14 0.0
16 1.0
17 1.0
20 1.0
34 1.0
38 0.0
40 0.0
42 0.0
47 1.0
62 0.0
92 0.0
107 0.0
109 1.0
125 1.0
129 0.0
130 0.0
144 0.0
158 0.0
159 1.0
198 0.0
222 0.0
229 0.0
236 0.0
242 0.0
246 0.0
251 0.0
252 0.0
270 0.0
276 0.0
288 0.0
299 0.0
300 0.0
316 0.0
322 0.0
326 0.0
330 0.0
333 0.0
335 0.0
351 0.0
354 1.0
361 1.0
365 0.0
420 0.0
430 0.0
437 0.0
441 0.0
448 0.0
455 0.0
460 0.0
473 0.0
475 0.0
477 0.0
482 0.0
483 0.0
500 0.0
520 1.0
530 1.0
534 1.0
544 1.0
556 1.0
571 1.0
580 1.0
595 0.0
628 0.0
629 0.0
632 0.0
634 0.0
640 0.0
687 1.0
711 1.0
716 1.0
720 1.0
721 1.0
758 1.0
763 1.0
811 1.0
833 0.0
841 0.0
849 1.0
859 0.0
878 0.0
898 0.0
930 0.0
951 0.0
965 0.0
997 1.0
999 1.0
1020 0.0
1025 0.0
1034 0.0
1111 0.0
1163 0.0
1165 0.0
1176 0.0
1205 0.0
1207 0.0
1212 0.0
1217 0.0
1228 0.0
1233 0.0
1237 0.0
1255 0.0
1263 0.0
1276 0.0
1284 0.0
1310 0.0
1317 0.0
1331 0.0
1341 0.0
1361 0.0
1371 0.0
1383 0.0
1387 0.0
1391 0.0
1413 0.0
1418 0.0
1419 0.0
1424 0.0
1426 0.0
1439 0.0
1445 0.0
1466 0.0
1485 0.0
1489 0.0
1494 0.0
1498 0.0
1504 0.0
1510 0.0
1525 0.0
1531 0.0
1535 0.0
1537 0.0
1543 0.0
1560 0.0
1563 0.0
1564 0.0
1568 0.0
1569 0.0
1582 0.0
1585 0.0
1599 0.0
1600 0.0
1607 0.0
1625 0.0
1626 0.0
1628 0.0
1629 1.0
1630 1.0
1631 1.0
1632 1.0
1633 1.0
1634 1.0
1635 1.0
1636 1.0
1637 1.0
1638 1.0
1639 1.0
1640 1.0
1641 1.0
1642 1.0
1643 1.0
1644 1.0
1645 1.0
1646 1.0
1647 1.0
1648 1.0
1649 1.0
1650 1.0
1651 1.0
1652 1.0
1653 1.0
1654 1.0
1655 1.0
1656 1.0
