0 0.0
1 0.0
2 0.0
3 0.0
4 0.0
5 0.0
6 0.0
7 0.0
8 0.0
9 0.3333333333333333
10 0.3333333333333333
11 0.3333333333333333
12 0.3333333333333333
13 0.3333333333333333
14 0.0
16 0.0
17 0.0
20 0.0
34 0.0
38 0.0
40 0.0
42 0.0
47 0.0
62 0.0
92 0.0
107 0.0
109 0.0
125 0.0
129 0.0
130 0.0
144 0.0
158 0.0
159 0.0
198 0.0
222 0.0
229 0.0
236 0.0
242 0.0
246 0.0
251 0.0
252 0.0
270 0.0
276 0.0
288 0.0
299 0.0
300 0.0
316 0.0
322 0.0
326 0.0
330 0.0
333 0.0
335 0.0
351 0.0
354 0.0
361 0.0
365 0.0
420 0.0
430 0.0
437 0.0
441 0.0
448 0.0
455 0.0
460 0.0
473 0.0
475 0.0
477 0.0
482 0.0
483 0.0
500 0.0
520 0.0
530 0.0
534 0.0
544 0.0
556 0.0
571 0.0
580 0.0
595 0.0
628 0.0
629 0.0
632 0.0
634 0.0
640 0.0
687 0.0
711 0.0
716 0.16666666666666666
720 0.0
721 0.0
758 0.0
763 0.08333333333333333
811 0.25
833 0.0
841 0.0
849 0.29166666666666663
859 0.0
878 0.0
898 0.0
930 0.0
951 0.0
965 0.0
997 0.0
999 0.0
1020 0.0
1025 0.0
1034 0.0
1111 0.0
1163 0.0
1165 0.0
1176 0.0
1205 0.0
1207 0.0
1212 0.0
1217 0.0
1228 0.0
1233 0.0
1237 0.0
1255 0.0
1263 0.0
1276 0.0
1284 0.0
1310 0.0
1317 0.0
1331 0.0
1341 0.0
1361 0.0
1371 0.0
1383 0.0
1387 0.0
1391 0.0
1413 0.0
1418 0.0
1419 0.0
1424 0.0
1426 0.0
1439 0.0
1445 0.0
1466 0.0
1485 0.0
1489 0.0
1494 0.0
1498 0.0
1504 0.0
1510 0.0
1525 0.0
1531 0.0
1535 0.0
1537 0.0
1543 0.0
1560 0.0
1563 0.0
1564 0.0
1568 0.0
1569 0.0
1582 0.0
1585 0.0
1599 0.0
1600 0.0
1607 0.0
1625 0.0
1626 0.0
1628 0.0
1629 0.08333333333333331
1630 0.16666666666666666
1631 0.25
1632 0.3333333333333333
1633 0.3333333333333333
1634 0.3333333333333333
1635 0.3333333333333333
1636 0.3333333333333333
1637 0.3333333333333333
1638 0.3333333333333333
1639 0.3333333333333333
1640 0.3333333333333333
1641 0.3333333333333333
1642 0.3333333333333333
1643 0.3333333333333333
1644 0.3333333333333333
1645 0.3333333333333333
1646 0.3333333333333333
1647 0.3333333333333333
1648 0.3333333333333333
1649 0.3333333333333333
1650 0.3333333333333333
1651 0.3333333333333333
1652 0.3333333333333333
1653 0.3333333333333333
1654 0.3333333333333333
1655 0.3333333333333333
1656 0.3333333333333333
