0 1
1 1
2 1
3 1
4 1
5 0
6 0
7 1
8 1
9 0
10 1.0
12 1.0
13 0.5
14 0.0
23 1.0
39 1.0
41 1.0
43 1.0
52 1.0
62 1.0
63 1.0
75 1.0
79 1.0
86 1.0
88 1.0
95 1.0
99 1.0
102 1.0
104 1.0
105 1.0
114 1.0
124 1.0
130 0.0
135 0.0
137 1.0
139 1.0
142 0.5
146 0.25
151 0.75
158 1.0
160 1.0
177 1.0
178 1.0
182 1.0
189 1.0
192 1.0
194 1.0
197 1.0
202 1.0
203 1.0
216 1.0
221 1.0
231 1.0
236 1.0
240 1.0
243 1.0
249 1.0
275 0.5
282 0.25
283 0.75
286 1.0
287 1.0
290 1.0
297 1.0
323 1.0
334 1.0
339 1.0
341 1.0
343 1.0
348 1.0
361 1.0
364 1.0
369 1.0
374 1.0
378 1.0
390 1.0
398 1.0
412 1.0
414 1.0
