0 1
1 1
2 1
3 0
4 0
5 0
6 1
7 0
8 1
9 1
10 0.5
12 0.5
13 0.0
14 0.5
23 0.25
39 0.625
41 0.25
43 0.75
52 0.375
62 0.4375
63 0.125
75 0.6875
79 1.0
86 0.3125
88 0.125
95 0.0625
99 0.875
102 0.8125
104 0.5625
105 1.0
114 0.375
124 1.0
130 0.25
135 0.75
137 0.4375
139 0.3125
142 0.5
146 0.75
151 0.25
158 1.0
160 1.0
177 1.0
178 1.0
182 0.75
189 1.0
192 1.0
194 1.0
197 1.0
202 1.0
203 1.0
216 1.0
221 1.0
231 1.0
236 1.0
240 1.0
243 0.1875
249 1.0
275 1.0
282 1.0
283 1.0
286 1.0
287 1.0
290 0.5
297 0.75
323 1.0
334 0.6875
339 0.625
341 0.5625
343 0.875
348 1.0
361 0.9375
364 1.0
369 1.0
374 1.0
378 0.25
390 1.0
398 0.8125
412 1.0
414 0.0625
