0 0
1 0
2 0
3 1
4 0
5 1
6 0
7 0
8 0
9 0
10 0.5
12 0.5
13 0.5
14 0.5
23 0.75
39 0.375
41 0.75
43 0.25
52 0.625
62 0.5625
63 0.875
75 0.3125
79 0.0
86 0.6875
88 0.875
95 0.9375
99 0.125
102 0.1875
104 0.4375
105 0.0
114 0.625
124 0.0
130 0.75
135 0.25
137 0.5625
139 0.6875
142 0.0
146 0.0
151 0.0
158 0.0
160 0.0
177 0.0
178 0.0
182 0.25
189 0.0
192 0.0
194 0.0
197 0.0
202 0.0
203 0.0
216 0.0
221 0.0
231 0.0
236 0.0
240 0.0
243 0.8125
249 0.0
275 0.0
282 0.0
283 0.0
286 0.0
287 0.0
290 0.0
297 0.0
323 0.0
334 0.3125
339 0.375
341 0.4375
343 0.125
348 0.0
361 0.0625
364 0.0
369 0.0
374 0.0
378 0.0
390 0.0
398 0.1875
412 0.0
414 0.9375
